Temperature (K)	Pressure (MPa)	Density (kg/m3)	Volume (m3/kg)	Internal Energy (kJ/kg)	Enthalpy (kJ/kg)	Entropy (J/g*K)	Cv (J/g*K)	Cp (J/g*K)	Sound Spd. (m/s)	Joule-Thomson (K/MPa)	Viscosity (uPa*s)	Therm. Cond. (W/m*K)	Phase
273.16	0.10000	999.84	0.0010002	0.0018429	0.10186	6.7371e-06	4.2170	4.2194	1402.4	-0.24141	1790.9	0.56109	liquid
278.17	0.10000	999.97	0.0010000	21.099	21.199	0.076543	4.2048	4.2050	1426.3	-0.23674	1517.2	0.57061	liquid
283.18	0.10000	999.70	0.0010003	42.137	42.237	0.15150	4.1905	4.1951	1447.4	-0.23248	1304.8	0.58010	liquid
288.19	0.10000	999.10	0.0010009	63.133	63.233	0.22500	4.1743	4.1884	1466.1	-0.22855	1136.4	0.58945	liquid
293.20	0.10000	998.20	0.0010018	84.102	84.202	0.29713	4.1565	4.1840	1482.5	-0.22488	1000.5	0.59854	liquid
298.21	0.10000	997.03	0.0010030	105.05	105.15	0.36799	4.1373	4.1813	1496.8	-0.22143	888.95	0.60729	liquid
303.22	0.10000	995.63	0.0010044	125.99	126.09	0.43762	4.1170	4.1798	1509.3	-0.21815	796.24	0.61561	liquid
308.22	0.10000	994.01	0.0010060	146.93	147.03	0.50611	4.0955	4.1793	1520.0	-0.21501	718.25	0.62344	liquid
313.23	0.10000	992.18	0.0010079	167.86	167.96	0.57348	4.0730	4.1794	1529.0	-0.21199	651.95	0.63074	liquid
318.24	0.10000	990.17	0.0010099	188.80	188.90	0.63979	4.0497	4.1802	1536.6	-0.20905	595.09	0.63751	liquid
323.25	0.10000	987.99	0.0010122	209.74	209.84	0.70509	4.0257	4.1814	1542.7	-0.20619	545.91	0.64371	liquid
328.26	0.10000	985.64	0.0010146	230.69	230.79	0.76940	4.0010	4.1830	1547.5	-0.20338	503.09	0.64938	liquid
333.27	0.10000	983.13	0.0010172	251.65	251.75	0.83276	3.9759	4.1850	1551.0	-0.20060	465.55	0.65450	liquid
338.28	0.10000	980.48	0.0010199	272.62	272.72	0.89521	3.9503	4.1874	1553.4	-0.19785	432.45	0.65911	liquid
343.29	0.10000	977.68	0.0010228	293.60	293.70	0.95679	3.9244	4.1902	1554.8	-0.19510	403.12	0.66323	liquid
348.30	0.10000	974.75	0.0010259	314.60	314.70	1.0175	3.8983	4.1933	1555.1	-0.19235	377.01	0.66689	liquid
353.31	0.10000	971.69	0.0010291	335.61	335.71	1.0774	3.8720	4.1969	1554.4	-0.18957	353.65	0.67011	liquid
358.32	0.10000	968.50	0.0010325	356.64	356.75	1.1365	3.8457	4.2009	1552.8	-0.18677	332.68	0.67292	liquid
363.33	0.10000	965.19	0.0010361	377.70	377.80	1.1949	3.8194	4.2054	1550.3	-0.18393	313.78	0.67535	liquid
368.33	0.10000	961.76	0.0010398	398.77	398.88	1.2525	3.7932	4.2104	1547.1	-0.18103	296.68	0.67742	liquid
372.76	0.10000	958.63	0.0010432	417.40	417.50	1.3028	3.7702	4.2152	1543.5	-0.17843	282.91	0.67897	liquid
372.76	0.10000	0.59034	1.6939	2505.6	2674.9	7.3588	1.5548	2.0784	471.99	67.038	12.256	0.025053	vapor
373.34	0.10000	0.58934	1.6968	2506.5	2676.2	7.3621	1.5529	2.0757	472.42	66.443	12.278	0.025092	vapor
378.35	0.10000	0.58094	1.7214	2514.4	2686.5	7.3897	1.5392	2.0561	475.94	61.823	12.464	0.025432	vapor
383.36	0.10000	0.57281	1.7458	2522.2	2696.8	7.4166	1.5291	2.0409	479.37	57.820	12.652	0.025782	vapor
388.37	0.10000	0.56495	1.7701	2530.0	2707.0	7.4430	1.5211	2.0287	482.73	54.263	12.842	0.026141	vapor
393.38	0.10000	0.55733	1.7943	2537.7	2717.1	7.4689	1.5148	2.0186	486.02	51.055	13.032	0.026509	vapor
398.39	0.10000	0.54994	1.8184	2545.4	2727.2	7.4944	1.5096	2.0102	489.27	48.138	13.223	0.026886	vapor
403.40	0.10000	0.54276	1.8424	2553.0	2737.2	7.5195	1.5054	2.0031	492.48	45.469	13.416	0.027270	vapor
408.41	0.10000	0.53579	1.8664	2560.6	2747.3	7.5442	1.5021	1.9971	495.64	43.018	13.609	0.027662	vapor
413.42	0.10000	0.52901	1.8903	2568.2	2757.3	7.5685	1.4994	1.9921	498.76	40.762	13.803	0.028061	vapor
418.43	0.10000	0.52241	1.9142	2575.8	2767.2	7.5925	1.4974	1.9879	501.85	38.680	13.998	0.028467	vapor
423.44	0.10000	0.51599	1.9380	2583.4	2777.2	7.6161	1.4958	1.9845	504.90	36.755	14.194	0.028879	vapor
428.45	0.10000	0.50974	1.9618	2590.9	2787.1	7.6394	1.4948	1.9816	507.93	34.972	14.391	0.029298	vapor
433.45	0.10000	0.50365	1.9855	2598.5	2797.0	7.6624	1.4941	1.9794	510.92	33.318	14.588	0.029723	vapor
438.46	0.10000	0.49771	2.0092	2606.0	2806.9	7.6852	1.4938	1.9776	513.88	31.781	14.787	0.030154	vapor
443.47	0.10000	0.49192	2.0328	2613.6	2816.8	7.7076	1.4938	1.9763	516.81	30.350	14.986	0.030591	vapor
448.48	0.10000	0.48627	2.0565	2621.1	2826.7	7.7298	1.4941	1.9754	519.72	29.015	15.185	0.031033	vapor
453.49	0.10000	0.48075	2.0801	2628.6	2836.6	7.7518	1.4947	1.9748	522.61	27.769	15.386	0.031480	vapor
458.50	0.10000	0.47537	2.1036	2636.2	2846.5	7.7734	1.4955	1.9746	525.47	26.604	15.586	0.031933	vapor
463.51	0.10000	0.47011	2.1272	2643.7	2856.4	7.7949	1.4964	1.9746	528.30	25.512	15.788	0.032390	vapor
468.52	0.10000	0.46496	2.1507	2651.2	2866.3	7.8161	1.4976	1.9749	531.11	24.489	15.990	0.032853	vapor
473.53	0.10000	0.45994	2.1742	2658.8	2876.2	7.8371	1.4989	1.9755	533.90	23.527	16.192	0.033320	vapor
478.54	0.10000	0.45502	2.1977	2666.3	2886.1	7.8579	1.5004	1.9762	536.67	22.623	16.395	0.033791	vapor
483.55	0.10000	0.45022	2.2212	2673.9	2896.0	7.8785	1.5021	1.9771	539.42	21.772	16.599	0.034267	vapor
488.56	0.10000	0.44551	2.2446	2681.4	2905.9	7.8989	1.5038	1.9782	542.15	20.969	16.802	0.034748	vapor
493.56	0.10000	0.44091	2.2680	2689.0	2915.8	7.9191	1.5056	1.9794	544.86	20.211	17.007	0.035232	vapor
498.57	0.10000	0.43641	2.2914	2696.6	2925.7	7.9391	1.5076	1.9808	547.55	19.494	17.211	0.035721	vapor
503.58	0.10000	0.43199	2.3149	2704.2	2935.7	7.9589	1.5097	1.9824	550.22	18.817	17.416	0.036214	vapor
508.59	0.10000	0.42767	2.3382	2711.8	2945.6	7.9785	1.5118	1.9840	552.88	18.174	17.622	0.036710	vapor
513.60	0.10000	0.42344	2.3616	2719.4	2955.5	7.9980	1.5140	1.9857	555.52	17.566	17.827	0.037210	vapor
518.61	0.10000	0.41929	2.3850	2727.0	2965.5	8.0172	1.5163	1.9876	558.14	16.987	18.033	0.037715	vapor
523.62	0.10000	0.41522	2.4083	2734.6	2975.4	8.0364	1.5186	1.9895	560.74	16.438	18.239	0.038222	vapor
528.63	0.10000	0.41124	2.4317	2742.3	2985.4	8.0553	1.5210	1.9916	563.33	15.916	18.446	0.038734	vapor
533.64	0.10000	0.40733	2.4550	2749.9	2995.4	8.0741	1.5235	1.9937	565.90	15.418	18.653	0.039248	vapor
538.65	0.10000	0.40349	2.4784	2757.6	3005.4	8.0927	1.5260	1.9958	568.45	14.944	18.860	0.039766	vapor
543.66	0.10000	0.39973	2.5017	2765.2	3015.4	8.1112	1.5286	1.9981	570.99	14.492	19.067	0.040288	vapor
548.67	0.10000	0.39604	2.5250	2772.9	3025.4	8.1296	1.5312	2.0004	573.52	14.060	19.274	0.040813	vapor
553.68	0.10000	0.39242	2.5483	2780.6	3035.4	8.1478	1.5339	2.0027	576.03	13.648	19.482	0.041341	vapor
558.68	0.10000	0.38886	2.5716	2788.3	3045.5	8.1658	1.5366	2.0052	578.53	13.253	19.689	0.041872	vapor
563.69	0.10000	0.38537	2.5949	2796.0	3055.5	8.1837	1.5393	2.0076	581.01	12.876	19.897	0.042406	vapor
568.70	0.10000	0.38195	2.6182	2803.8	3065.6	8.2015	1.5420	2.0101	583.48	12.515	20.105	0.042944	vapor
573.71	0.10000	0.37858	2.6415	2811.5	3075.7	8.2191	1.5448	2.0127	585.93	12.168	20.313	0.043484	vapor
578.72	0.10000	0.37527	2.6647	2819.3	3085.8	8.2366	1.5477	2.0153	588.38	11.836	20.522	0.044027	vapor
583.73	0.10000	0.37202	2.6880	2827.1	3095.9	8.2540	1.5505	2.0179	590.81	11.518	20.730	0.044573	vapor
588.74	0.10000	0.36883	2.7113	2834.8	3106.0	8.2713	1.5534	2.0206	593.22	11.212	20.938	0.045122	vapor
593.75	0.10000	0.36569	2.7345	2842.6	3116.1	8.2884	1.5563	2.0233	595.62	10.918	21.147	0.045674	vapor
598.76	0.10000	0.36261	2.7578	2850.5	3126.2	8.3054	1.5592	2.0261	598.02	10.636	21.355	0.046229	vapor
603.77	0.10000	0.35958	2.7810	2858.3	3136.4	8.3223	1.5622	2.0289	600.39	10.364	21.564	0.046786	vapor
608.78	0.10000	0.35660	2.8043	2866.1	3146.6	8.3391	1.5651	2.0317	602.76	10.102	21.772	0.047346	vapor
613.79	0.10000	0.35367	2.8275	2874.0	3156.8	8.3557	1.5681	2.0345	605.11	9.8503	21.981	0.047908	vapor
618.79	0.10000	0.35078	2.8507	2881.9	3166.9	8.3723	1.5712	2.0374	607.46	9.6075	22.190	0.048473	vapor
623.80	0.10000	0.34795	2.8740	2889.8	3177.2	8.3887	1.5742	2.0402	609.79	9.3736	22.398	0.049041	vapor
628.81	0.10000	0.34516	2.8972	2897.7	3187.4	8.4051	1.5772	2.0432	612.11	9.1479	22.607	0.049611	vapor
633.82	0.10000	0.34241	2.9204	2905.6	3197.6	8.4213	1.5803	2.0461	614.42	8.9301	22.815	0.050184	vapor
638.83	0.10000	0.33971	2.9437	2913.5	3207.9	8.4374	1.5834	2.0491	616.71	8.7199	23.024	0.050759	vapor
643.84	0.10000	0.33705	2.9669	2921.5	3218.2	8.4534	1.5865	2.0520	619.00	8.5168	23.232	0.051336	vapor
648.85	0.10000	0.33444	2.9901	2929.4	3228.4	8.4693	1.5896	2.0550	621.27	8.3206	23.441	0.051916	vapor
653.86	0.10000	0.33186	3.0133	2937.4	3238.7	8.4851	1.5927	2.0580	623.54	8.1309	23.649	0.052498	vapor
658.87	0.10000	0.32932	3.0365	2945.4	3249.1	8.5009	1.5959	2.0611	625.79	7.9474	23.857	0.053082	vapor
663.88	0.10000	0.32683	3.0597	2953.4	3259.4	8.5165	1.5990	2.0641	628.04	7.7699	24.065	0.053669	vapor
668.89	0.10000	0.32437	3.0829	2961.4	3269.7	8.5320	1.6022	2.0672	630.27	7.5981	24.274	0.054258	vapor
673.90	0.10000	0.32194	3.1061	2969.5	3280.1	8.5474	1.6054	2.0703	632.49	7.4317	24.482	0.054849	vapor
678.91	0.10000	0.31956	3.1293	2977.5	3290.5	8.5628	1.6086	2.0734	634.71	7.2706	24.690	0.055442	vapor
683.91	0.10000	0.31720	3.1525	2985.6	3300.9	8.5780	1.6118	2.0765	636.91	7.1145	24.897	0.056037	vapor
688.92	0.10000	0.31489	3.1757	2993.7	3311.3	8.5932	1.6150	2.0797	639.10	6.9631	25.105	0.056635	vapor
693.93	0.10000	0.31260	3.1989	3001.8	3321.7	8.6083	1.6183	2.0828	641.29	6.8163	25.313	0.057235	vapor
698.94	0.10000	0.31035	3.2221	3009.9	3332.2	8.6233	1.6215	2.0860	643.46	6.6739	25.520	0.057836	vapor
703.95	0.10000	0.30814	3.2453	3018.1	3342.6	8.6382	1.6248	2.0892	645.63	6.5358	25.727	0.058440	vapor
708.96	0.10000	0.30595	3.2685	3026.2	3353.1	8.6530	1.6281	2.0924	647.78	6.4017	25.935	0.059046	vapor
713.97	0.10000	0.30379	3.2917	3034.4	3363.6	8.6678	1.6313	2.0956	649.93	6.2715	26.142	0.059654	vapor
718.98	0.10000	0.30167	3.3149	3042.6	3374.1	8.6824	1.6346	2.0988	652.07	6.1450	26.349	0.060263	vapor
723.99	0.10000	0.29957	3.3381	3050.8	3384.6	8.6970	1.6379	2.1021	654.20	6.0221	26.555	0.060875	vapor
729.00	0.10000	0.29751	3.3613	3059.0	3395.1	8.7115	1.6413	2.1053	656.32	5.9027	26.762	0.061489	vapor
734.01	0.10000	0.29547	3.3844	3067.2	3405.7	8.7259	1.6446	2.1086	658.43	5.7866	26.968	0.062105	vapor
739.02	0.10000	0.29346	3.4076	3075.5	3416.3	8.7403	1.6479	2.1118	660.53	5.6737	27.174	0.062722	vapor
744.02	0.10000	0.29148	3.4308	3083.8	3426.9	8.7546	1.6513	2.1151	662.62	5.5639	27.380	0.063341	vapor
749.03	0.10000	0.28952	3.4540	3092.1	3437.5	8.7688	1.6546	2.1184	664.71	5.4571	27.586	0.063963	vapor
754.04	0.10000	0.28759	3.4771	3100.4	3448.1	8.7829	1.6580	2.1217	666.79	5.3531	27.792	0.064586	vapor
759.05	0.10000	0.28569	3.5003	3108.7	3458.7	8.7970	1.6613	2.1251	668.86	5.2519	27.997	0.065211	vapor
764.06	0.10000	0.28381	3.5235	3117.0	3469.4	8.8109	1.6647	2.1284	670.92	5.1534	28.203	0.065837	vapor
769.07	0.10000	0.28196	3.5467	3125.4	3480.0	8.8249	1.6681	2.1317	672.97	5.0574	28.408	0.066466	vapor
774.08	0.10000	0.28013	3.5698	3133.7	3490.7	8.8387	1.6715	2.1351	675.01	4.9640	28.613	0.067096	vapor
779.09	0.10000	0.27832	3.5930	3142.1	3501.4	8.8525	1.6749	2.1384	677.05	4.8729	28.817	0.067728	vapor
784.10	0.10000	0.27654	3.6162	3150.5	3512.1	8.8662	1.6783	2.1418	679.08	4.7841	29.022	0.068362	vapor
789.11	0.10000	0.27478	3.6393	3158.9	3522.9	8.8799	1.6817	2.1452	681.10	4.6975	29.226	0.068997	vapor
794.12	0.10000	0.27304	3.6625	3167.4	3533.6	8.8934	1.6852	2.1485	683.11	4.6131	29.430	0.069634	vapor
799.13	0.10000	0.27132	3.6857	3175.8	3544.4	8.9070	1.6886	2.1519	685.12	4.5309	29.634	0.070273	vapor
804.14	0.10000	0.26963	3.7088	3184.3	3555.2	8.9204	1.6920	2.1553	687.12	4.4506	29.837	0.070913	vapor
809.14	0.10000	0.26795	3.7320	3192.8	3566.0	8.9338	1.6955	2.1587	689.11	4.3722	30.041	0.071555	vapor
814.15	0.10000	0.26630	3.7552	3201.3	3576.8	8.9472	1.6989	2.1622	691.09	4.2958	30.244	0.072199	vapor
819.16	0.10000	0.26467	3.7783	3209.8	3587.7	8.9604	1.7024	2.1656	693.07	4.2212	30.447	0.072844	vapor
824.17	0.10000	0.26306	3.8015	3218.4	3598.5	8.9736	1.7059	2.1690	695.04	4.1484	30.649	0.073491	vapor
829.18	0.10000	0.26146	3.8246	3226.9	3609.4	8.9868	1.7093	2.1724	697.00	4.0772	30.852	0.074140	vapor
834.19	0.10000	0.25989	3.8478	3235.5	3620.3	8.9999	1.7128	2.1759	698.96	4.0078	31.054	0.074789	vapor
839.20	0.10000	0.25833	3.8710	3244.1	3631.2	9.0129	1.7163	2.1793	700.91	3.9399	31.256	0.075441	vapor
844.21	0.10000	0.25680	3.8941	3252.7	3642.1	9.0259	1.7198	2.1828	702.85	3.8736	31.457	0.076094	vapor
849.22	0.10000	0.25528	3.9173	3261.3	3653.1	9.0388	1.7233	2.1863	704.78	3.8089	31.659	0.076749	vapor
854.23	0.10000	0.25378	3.9404	3270.0	3664.0	9.0517	1.7268	2.1897	706.71	3.7456	31.860	0.077405	vapor
859.24	0.10000	0.25230	3.9636	3278.6	3675.0	9.0645	1.7303	2.1932	708.63	3.6837	32.061	0.078062	vapor
864.25	0.10000	0.25083	3.9867	3287.3	3686.0	9.0773	1.7338	2.1967	710.55	3.6232	32.261	0.078721	vapor
869.25	0.10000	0.24938	4.0099	3296.0	3697.0	9.0900	1.7373	2.2002	712.45	3.5640	32.461	0.079381	vapor
874.26	0.10000	0.24795	4.0330	3304.7	3708.0	9.1026	1.7408	2.2037	714.36	3.5061	32.661	0.080043	vapor
879.27	0.10000	0.24654	4.0562	3313.5	3719.1	9.1152	1.7443	2.2071	716.25	3.4495	32.861	0.080707	vapor
884.28	0.10000	0.24514	4.0793	3322.2	3730.1	9.1278	1.7478	2.2106	718.14	3.3942	33.061	0.081371	vapor
889.29	0.10000	0.24375	4.1025	3331.0	3741.2	9.1403	1.7514	2.2141	720.02	3.3400	33.260	0.082037	vapor
894.30	0.10000	0.24239	4.1256	3339.8	3752.3	9.1527	1.7549	2.2177	721.90	3.2870	33.459	0.082705	vapor
899.31	0.10000	0.24103	4.1488	3348.6	3763.4	9.1651	1.7584	2.2212	723.77	3.2351	33.658	0.083373	vapor
904.32	0.10000	0.23970	4.1719	3357.4	3774.6	9.1775	1.7620	2.2247	725.63	3.1843	33.856	0.084044	vapor
909.33	0.10000	0.23837	4.1951	3366.2	3785.7	9.1898	1.7655	2.2282	727.49	3.1345	34.054	0.084715	vapor
914.34	0.10000	0.23707	4.2182	3375.1	3796.9	9.2020	1.7690	2.2317	729.35	3.0858	34.252	0.085388	vapor
919.35	0.10000	0.23577	4.2414	3384.0	3808.1	9.2142	1.7726	2.2352	731.19	3.0381	34.450	0.086062	vapor
924.36	0.10000	0.23449	4.2645	3392.8	3819.3	9.2264	1.7761	2.2387	733.03	2.9914	34.647	0.086737	vapor
929.37	0.10000	0.23323	4.2877	3401.8	3830.5	9.2385	1.7797	2.2423	734.87	2.9456	34.844	0.087414	vapor
934.37	0.10000	0.23197	4.3108	3410.7	3841.8	9.2505	1.7832	2.2458	736.70	2.9008	35.041	0.088092	vapor
939.38	0.10000	0.23074	4.3340	3419.6	3853.0	9.2626	1.7868	2.2493	738.52	2.8568	35.238	0.088771	vapor
944.39	0.10000	0.22951	4.3571	3428.6	3864.3	9.2745	1.7903	2.2529	740.34	2.8138	35.434	0.089452	vapor
949.40	0.10000	0.22830	4.3802	3437.6	3875.6	9.2865	1.7939	2.2564	742.15	2.7716	35.630	0.090133	vapor
954.41	0.10000	0.22710	4.4034	3446.6	3886.9	9.2983	1.7974	2.2599	743.96	2.7302	35.825	0.090816	vapor
959.42	0.10000	0.22591	4.4265	3455.6	3898.2	9.3102	1.8010	2.2635	745.76	2.6896	36.021	0.091500	vapor
964.43	0.10000	0.22474	4.4497	3464.6	3909.6	9.3220	1.8045	2.2670	747.56	2.6499	36.216	0.092186	vapor
969.44	0.10000	0.22357	4.4728	3473.7	3920.9	9.3337	1.8081	2.2705	749.35	2.6109	36.410	0.092872	vapor
974.45	0.10000	0.22242	4.4960	3482.7	3932.3	9.3454	1.8116	2.2741	751.14	2.5726	36.605	0.093560	vapor
979.46	0.10000	0.22128	4.5191	3491.8	3943.7	9.3571	1.8152	2.2776	752.92	2.5351	36.799	0.094249	vapor
984.47	0.10000	0.22016	4.5422	3500.9	3955.1	9.3687	1.8187	2.2811	754.69	2.4983	36.993	0.094939	vapor
989.48	0.10000	0.21904	4.5654	3510.0	3966.6	9.3803	1.8223	2.2847	756.46	2.4622	37.186	0.095630	vapor
994.48	0.10000	0.21793	4.5885	3519.2	3978.0	9.3919	1.8258	2.2882	758.23	2.4267	37.380	0.096322	vapor
999.49	0.10000	0.21684	4.6117	3528.3	3989.5	9.4034	1.8294	2.2917	759.99	2.3920	37.573	0.097015	vapor
1004.5	0.10000	0.21576	4.6348	3537.5	4001.0	9.4148	1.8329	2.2953	761.74	2.3578	37.765	0.097710	vapor
1009.5	0.10000	0.21469	4.6579	3546.7	4012.5	9.4263	1.8364	2.2988	763.49	2.3243	37.958	0.098405	vapor
1014.5	0.10000	0.21363	4.6811	3555.9	4024.0	9.4377	1.8400	2.3023	765.24	2.2915	38.150	0.099102	vapor
1019.5	0.10000	0.21257	4.7042	3565.1	4035.6	9.4490	1.8435	2.3058	766.98	2.2592	38.342	0.099800	vapor
1024.5	0.10000	0.21153	4.7274	3574.4	4047.1	9.4603	1.8471	2.3094	768.72	2.2275	38.533	0.10050	vapor
1029.5	0.10000	0.21050	4.7505	3583.6	4058.7	9.4716	1.8506	2.3129	770.45	2.1964	38.725	0.10120	vapor
1034.6	0.10000	0.20948	4.7736	3592.9	4070.3	9.4828	1.8541	2.3164	772.18	2.1658	38.915	0.10190	vapor
1039.6	0.10000	0.20847	4.7968	3602.2	4081.9	9.4940	1.8577	2.3199	773.90	2.1358	39.106	0.10260	vapor
1044.6	0.10000	0.20747	4.8199	3611.5	4093.5	9.5052	1.8612	2.3235	775.62	2.1063	39.296	0.10330	vapor
1049.6	0.10000	0.20648	4.8431	3620.9	4105.2	9.5163	1.8647	2.3270	777.33	2.0773	39.486	0.10401	vapor
1054.6	0.10000	0.20550	4.8662	3630.2	4116.8	9.5274	1.8682	2.3305	779.04	2.0489	39.676	0.10471	vapor
1059.6	0.10000	0.20453	4.8893	3639.6	4128.5	9.5384	1.8717	2.3340	780.74	2.0209	39.866	0.10542	vapor
1064.6	0.10000	0.20356	4.9125	3649.0	4140.2	9.5495	1.8753	2.3375	782.44	1.9934	40.055	0.10613	vapor
1069.6	0.10000	0.20261	4.9356	3658.4	4151.9	9.5604	1.8788	2.3410	784.14	1.9664	40.244	0.10683	vapor
1074.6	0.10000	0.20166	4.9587	3667.8	4163.7	9.5714	1.8823	2.3445	785.83	1.9399	40.432	0.10754	vapor
1079.6	0.10000	0.20073	4.9819	3677.2	4175.4	9.5823	1.8858	2.3480	787.51	1.9138	40.620	0.10825	vapor
1084.7	0.10000	0.19980	5.0050	3686.7	4187.2	9.5932	1.8893	2.3515	789.20	1.8882	40.808	0.10896	vapor
1089.7	0.10000	0.19888	5.0281	3696.2	4199.0	9.6040	1.8928	2.3549	790.88	1.8629	40.996	0.10968	vapor
1094.7	0.10000	0.19797	5.0513	3705.7	4210.8	9.6148	1.8963	2.3584	792.55	1.8382	41.183	0.11039	vapor
1099.7	0.10000	0.19707	5.0744	3715.2	4222.6	9.6256	1.8997	2.3619	794.22	1.8138	41.370	0.11110	vapor
1104.7	0.10000	0.19617	5.0975	3724.7	4234.5	9.6363	1.9032	2.3654	795.89	1.7898	41.557	0.11182	vapor
1109.7	0.10000	0.19529	5.1207	3734.2	4246.3	9.6470	1.9067	2.3688	797.55	1.7663	41.744	0.11253	vapor
1114.7	0.10000	0.19441	5.1438	3743.8	4258.2	9.6577	1.9102	2.3723	799.21	1.7431	41.930	0.11325	vapor
1119.7	0.10000	0.19354	5.1669	3753.4	4270.1	9.6684	1.9136	2.3757	800.86	1.7203	42.116	0.11397	vapor
1124.7	0.10000	0.19268	5.1901	3763.0	4282.0	9.6790	1.9171	2.3792	802.51	1.6978	42.301	0.11469	vapor
1129.7	0.10000	0.19182	5.2132	3772.6	4293.9	9.6896	1.9205	2.3826	804.16	1.6758	42.486	0.11540	vapor
1134.7	0.10000	0.19097	5.2363	3782.2	4305.9	9.7001	1.9240	2.3861	805.80	1.6541	42.671	0.11612	vapor
1139.8	0.10000	0.19013	5.2595	3791.9	4317.8	9.7106	1.9274	2.3895	807.44	1.6327	42.856	0.11685	vapor
1144.8	0.10000	0.18930	5.2826	3801.5	4329.8	9.7211	1.9308	2.3929	809.07	1.6117	43.040	0.11757	vapor
1149.8	0.10000	0.18848	5.3057	3811.2	4341.8	9.7316	1.9343	2.3963	810.70	1.5910	43.224	0.11829	vapor
1154.8	0.10000	0.18766	5.3289	3820.9	4353.8	9.7420	1.9377	2.3997	812.33	1.5707	43.408	0.11901	vapor
1159.8	0.10000	0.18685	5.3520	3830.6	4365.8	9.7524	1.9411	2.4032	813.95	1.5506	43.592	0.11974	vapor
1164.8	0.10000	0.18604	5.3751	3840.4	4377.9	9.7628	1.9445	2.4066	815.57	1.5309	43.775	0.12046	vapor
1169.8	0.10000	0.18524	5.3983	3850.1	4389.9	9.7731	1.9479	2.4099	817.19	1.5115	43.958	0.12119	vapor
1174.8	0.10000	0.18445	5.4214	3859.9	4402.0	9.7834	1.9513	2.4133	818.80	1.4924	44.140	0.12191	vapor
1179.8	0.10000	0.18367	5.4445	3869.7	4414.1	9.7937	1.9547	2.4167	820.41	1.4735	44.323	0.12264	vapor
1184.8	0.10000	0.18289	5.4677	3879.5	4426.2	9.8039	1.9581	2.4201	822.01	1.4550	44.505	0.12337	vapor
1189.8	0.10000	0.18212	5.4908	3889.3	4438.4	9.8141	1.9614	2.4234	823.62	1.4368	44.686	0.12410	vapor
1194.9	0.10000	0.18136	5.5139	3899.1	4450.5	9.8243	1.9648	2.4268	825.21	1.4188	44.868	0.12483	vapor
1199.9	0.10000	0.18060	5.5370	3909.0	4462.7	9.8345	1.9682	2.4301	826.81	1.4011	45.049	0.12556	vapor
1204.9	0.10000	0.17985	5.5602	3918.8	4474.9	9.8446	1.9715	2.4335	828.40	1.3837	45.230	0.12629	vapor
1209.9	0.10000	0.17911	5.5833	3928.7	4487.1	9.8547	1.9748	2.4368	829.99	1.3665	45.410	0.12702	vapor
1214.9	0.10000	0.17837	5.6064	3938.6	4499.3	9.8648	1.9782	2.4402	831.57	1.3496	45.591	0.12776	vapor
1219.9	0.10000	0.17763	5.6296	3948.6	4511.5	9.8748	1.9815	2.4435	833.15	1.3330	45.770	0.12849	vapor
1224.9	0.10000	0.17691	5.6527	3958.5	4523.8	9.8849	1.9848	2.4468	834.73	1.3165	45.950	0.12922	vapor
1229.9	0.10000	0.17619	5.6758	3968.4	4536.0	9.8948	1.9881	2.4501	836.31	1.3004	46.129	0.12996	vapor
1234.9	0.10000	0.17547	5.6990	3978.4	4548.3	9.9048	1.9914	2.4534	837.88	1.2844	46.309	0.13070	vapor
1239.9	0.10000	0.17476	5.7221	3988.4	4560.6	9.9148	1.9947	2.4567	839.45	1.2688	46.487	0.13143	vapor
1244.9	0.10000	0.17406	5.7452	3998.4	4572.9	9.9247	1.9980	2.4599	841.01	1.2533	46.666	0.13217	vapor
1250.0	0.10000	0.17336	5.7683	4008.4	4585.2	9.9345	2.0013	2.4632	842.57	1.2380	46.844	0.13291	vapor
1255.0	0.10000	0.17267	5.7915	4018.4	4597.6	9.9444	2.0045	2.4665	844.13	1.2230	47.022	0.13365	vapor
1260.0	0.10000	0.17198	5.8146	4028.5	4610.0	9.9542	2.0078	2.4697	845.69	1.2082	47.200	0.13438	vapor
1265.0	0.10000	0.17130	5.8377	4038.6	4622.3	9.9640	2.0110	2.4730	847.24	1.1936	47.377	0.13512	vapor
1270.0	0.10000	0.17062	5.8609	4048.6	4634.7	9.9738	2.0143	2.4762	848.79	1.1792	47.554	0.13587	vapor
1275.0	0.10000	0.16995	5.8840	4058.7	4647.1	9.9836	2.0175	2.4794	850.33	1.1650	47.731	0.13661	vapor
